For 3Y
predict_y =

    0.9935


y =

    0.9970



For 30Y
predict_y =

   32.7739


y =

    2.7621